440

856

1128

1524

1816

2196

2512

2908

3200

3580

3880

4244

4568

4964

5248

5672

5944

6308

6624

7020

7304

7725

8000

8348

8680

9072

9360

9776

10056

10416

10728

11119

11400

11820

12088

12440

12760

13144

13432

13812

14104

14460

14784

15164

15456

15844

16140

16480

16816

17200

17496

17883

18176

18544

18848

19240

19520

19900

20200

20588

20880

21244

21560

21940

22232

22628

22912

23284

23584

23980

24272

24664

24944

25324

25624

26015

26296

26708

26976

27352

27648

28028

28328

28728

29008

29392

29680

30064

30360

30760

31040

31412

31712

32092

32392

32760

33064

33456

33744

34132

34424

34800

35088

35484

35768

36148

36440

36828

37120

37500

37808

38184

38480

38864

39152

39540

39832

40188

40504

40892

41176

41584

41864

42228

42536

42928

43216

43620

43896

44264

44576

44964

45240

45656

45928

46300

46608

47000

47280

47676

47960

48316

48636

49012

49304

49716

49992

50360

50672

51056

51344

51756

52024

52396

52696

53087

53376

53756

54056

54428

54732

55124

55416

55796

56088

56444

56768

57148

57440

57831

58120

58484

58792

59184

59464

59860

60152

60528

60824

61212

61504

61884

62168

62567

62856

63220

63528

63916

416

816

1104

1508

1788

2160

2480

2872

3160

3560

3848

4204

4532

4924

5216

5612

5904

6264

6592

6996

7272

7660

7960

8304

8640

9048

9328

9716

10016

10384

10696

11091

11368

11756

12048

12396

12720

13108

13400

13788

14080

14444

14752

15148

15432

15804

16112

16476

16784

17188

17464

17852

18144

18540

18824

19192

19500

19887

20176

20568

20856

21228

21536

21924

22208

22612

22888

23264

23560

23956

24240

24636

24920

25300

25600

26008

26280

26676

26952

27320

27624

28008

28304

28712

28984

29360

29656

30044

30336

30708

31008

31396

31688

32060

32360

32748

33032

33432

33720

34099

34392

34780

35064

35452

35736

36124

36424

36819

37088

37492

37776

38140

38456

38836

39128

39524

39808

40176

40480

40872

41152

41564

41840

42212

42520

42904

43188

43583

43872

44244

44552

44924

45216

45620

45904

46268

46584

46964

47256

47656

47936

48300

48616

49004

49280

49704

49968

50344

50648

51032

51320

51700

52000

52379

52680

53052

53344

53740

54032

54388

54704

55088

55376

55771

56064

56436

56736

57127

57408

57812

58088

58480

58768

59132

59440

59827

60112

60516

60800

61172

61464

61856

62144

62551

62824

63196

63504

63896

384

800

1080

1488

1768

2159

2456

2852

3136

3536

3824

4200

4504

4904

5192

5588

5880

6252

6568

6959

7248

7636

7936

8292

8616

9012

9304

9700

9992

10352

10672

11060

11344

11732

12024

12388

12704

13100

13376

13756

14056

14440

14744

15100

15416

15796

16096

16472

16768

17148

17448

17840

18128

18520

18808

19180

19480

19876

20152

20564

20840

21212

21512

21908

22192

22588

22872

23252

23544

23920

24224

24628

24904

25276

25576

25960

26256

26620

26924

27308

27600

27992

28280

28656

28952

29340

29632

30008

30312

30696

30984

31356

31664

32040

32336

32724

33008

33400

33688

34083

34368

34772

35040

35440

35728

36088

36400

36788

37072

37476

37756

38124

38424

38823

39104

39516

39784

40156

40464

40860

41136

41559

41824

42192

42488

42876

43168

43572

43856

44216

44528

44916

45204

45616

45888

46256

46560

46956

47240

47612

47912

48284

48592

48976

49264

49652

49952

50328

50624

51024

51304

51688

51976

52340

52656

53040

53328

53716

54008

54388

54680

55076

55360

55740

56032

56428

56712

57076

57384

57776

58064

58464

58744

59116

59416

59812

60096

60500

60768

61148

61448

61852

62128

62516

62800

63187

63480

63856

360

756

1056

1459

1736

2143

2424

2804

3104

3504

3792

4200

4480

4856

5160

5552

5848

6247

6536

6908

7216

7604

7904

8284

8592

9000

9280

9684

9968

10348

10648

11036

11320

11708

12000

12391

12688

13052

13352

13744

14032

14428

14712

15084

15392

15780

16072

16476

16744

17132

17424

17820

18104

18492

18776

19156

19448

19828

20128

20528

20808

21180

21488

21872

22168

22572

22848

23220

23520

23900

24192

24564

24864

25256

25544

25916

26216

26604

26896

27284

27576

27952

28248

28631

28920

29300

29600

29984

30280

30652

30952

31343

31632

31988

32304

32684

32976

33392

33664

34032

34336

34728

35008

35416

35696

36060

36376

36772

37040

37468

37728

38100

38400

38812

39080

39479

39760

40120

40440

40820

41104

41520

41792

42164

42464

42856

43144

43568

43824

44196

44496

44888

45176

45556

45856

46232

46528

46928

47208

47596

47880

48244

48560

48948

49232

49628

49912

50288

50584

50988

51264

51664

51944

52336

52620

52984

53296

53684

53968

54368

54648

55020

55320

55712

56000

56412

56680

57052

57360

57760

58032

58428

58712

59092

59384

59760

60064

60464

60744

61116

61424

61804

62096

62504

62780

63152

63452

63832

320

720

1016

1404

1696

2108

2388

2772

3072

3480

3752

4176

4444

4828

5128

5528

5808

6224

6504

6884

7192

7583

7872

8292

8560

8944

9248

9640

9928

10328

10616

10988

11296

11684

11968

12380

12648

13020

13328

13724

14000

14396

14672

15056

15360

15736

16032

16440

16704

17084

17384

17772

18064

18480

18744

19120

19416

19800

20096

20468

20760

21156

21440

21820

22120

22508

22800

23164

23472

23856

24152

24536

24816

25208

25504

25892

26176

26556

26848

27248

27536

27896

28208

28592

28880

29279

29568

29932

30240

30628

30912

31319

31600

31960

32272

32660

32944

33384

33632

34004

34304

34736

34976

35388

35664

36024

36332

36723

37008

37424

37696

38064

38368

38764

39048

39420

39724

40092

40400

40788

41064

41460

41752

42135

42424

42812

43104

43496

43792

44148

44456

44852

45144

45531

45816

46196

46496

46888

47160

47548

47840

48236

48528

48888

49192

49584

49872

50284

50552

50924

51224

51624

51904

52312

52576

52956

53256

53684

53936

54328

54608

54988

55288

55664

55968

56368

56640

57012

57312

57688

57992

58408

58672

59052

59344

59728

60024

60400

60704

61091

61376

61748

62056

62440

62736

63100

63408

63788

