664

1440

2192

2984

3756

4528

5288

6072

6512

6784

7520

7920

8232

8976

9392

9688

10432

11208

11976

12736

13504

14272

15040

15808

16544

17336

18096

18864

19616

20400

20788

21088

21824

22264

22536

23280

24048

24784

25584

26344

27120

27872

28656

29048

29344

30088

30848

31624

32384

33152

33920

34688

35064

35384

36128

36896

37656

38068

38360

39088

39872

40640

41400

42160

42936

43384

43636

44368

45128

45904

46332

46608

47328

48112

48880

49272

49568

50320

51088

51504

51792

52528

53304

54064

54448

54752

55504

56280

57048

57816

58576

59344

59764

60048

60784

61176

61480

62232

62648

62928

63664

648

1424

2176

2968

3384

3672

4408

5192

5968

6352

6672

7424

8192

8960

9728

10496

11264

12032

12408

12728

13464

14248

14640

14936

15680

16116

16384

17120

17888

18640

19424

20184

20960

21712

22488

22896

23184

23928

24672

25464

25844

26160

26896

27680

28440

28796

29128

29880

30656

31096

31352

32096

32496

32800

33536

34304

35056

35840

36592

37360

38120

38896

39664

40432

41168

41960

42720

43488

44248

45024

45424

45720

46464

47216

48000

48380

48688

49424

50208

50976

51360

51672

52416

53184

53620

53888

54624

55028

55328

56072

56840

57584

58368

59136

59904

60656

61440

62192

62960

63728

720

1504

2256

3048

3808

4592

5344

6128

6896

7664

8416

9216

9968

10744

11504

12280

13040

13808

14560

15336

16112

16504

16800

17536

18320

18684

19008

19752

20528

21288

21684

21992

22728

23504

24264

25040

25792

26572

26992

27264

28016

28404

28704

29456

29880

30152

30888

31672

32424

33192

33952

34728

35488

36256

36992

37792

38544

39320

40064

40848

41204

41528

42288

43064

43824

44212

44520

45256

46040

46800

47568

48336

49104

49492

49792

50544

51296

52080

52468

52768

53512

54288

55056

55816

56584

57352

58112

58880

59632

60416

61168

61944

62704

63472

472

1224

2008

2428

2712

3456

4208

5008

5760

6544

7296

8080

8436

8776

9520

9968

10240

10976

11744

12496

13288

14048

14816

15568

16352

16744

17040

17792

18544

19328

20096

20848

21616

22392

22772

23088

23824

24600

25360

25784

26064

26800

27576

28336

29112

29872

30640

31032

31328

32080

32496

32784

33520

34288

35040

35816

36576

37336

38108

38880

39640

40408

41160

41944

42704

43480

44240

45008

45428

45712

46448

47208

47984

48372

48680

49408

50192

50960

51384

51656

52400

53168

53564

53864

54608

55376

56144

56540

56832

57568

58352

59104

59872

60640

61408

61820

62104

62848

63616

576

1344

2112

2880

3292

3600

4320

5120

5880

6656

7424

8192

8960

9728

10496

11264

12032

12412

12736

13472

14248

14640

14944

15680

16112

16392

17136

17904

18656

19440

20192

20968

21728

22504

22904

23200

23944

24688

25472

26240

27000

27760

28536

28904

29224

29968

30744

31504

32272

33008

33792

34560

35328

36096

36864

37632

38400

39152

39936

40688

41080

41392

42128

42904

43320

43600

44352

45120

45880

46264

46576

47312

48096

48864

49616

50384

51152

51920

52688

53440

54216

54976

55744

56504

57280

57660

57968

58712

59472

60248

60656

60944

61680

62464

63216

63992

