440
416
272
396
292
380
316
396
292
380
300
364
324
396
284
424
272
364
316
396
284
421
275
348
332
392
288
416
280
360
312
391
281
420
268
352
320
384
288
380
292
356
324
380
292
388
296
340
336
384
296
387
293
368
304
392
280
380
300
388
292
364
316
380
292
396
284
372
300
396
292
392
280
380
300
391
281
412
268
376
296
380
300
400
280
384
288
384
296
400
280
372
300
380
300
368
304
392
288
388
292
376
288
396
284
380
292
388
292
380
308
376
296
384
288
388
292
356
316
388
284
408
280
364
308
392
288
404
276
368
312
388
276
416
272
372
308
392
280
396
284
356
320
376
292
412
276
368
312
384
288
412
268
372
300
391
289
380
300
372
304
392
292
380
292
356
324
380
292
391
289
364
308
392
280
396
292
376
296
388
292
380
284
399
289
364
308
388
416*
400
288
404
280
372
320
392
288
400
288
356
328
392
292
396
292
360
328
404
276
388
300
344
336
408
280
388
300
368
312
395
277
388
292
348
324
388
292
388
292
364
308
396
284
372
308
364
308
404
276
388
292
396
284
368
308
387
289
392
288
372
308
388
284
404
276
376
296
396
284
396
284
380
300
408
272
396
276
368
304
384
296
408
272
376
296
388
292
372
300
388
292
372
300
388
284
400
288
379
293
388
284
388
284
388
300
395
269
404
284
364
316
380
292
396
284
368
304
392
280
412
276
372
308
384
284
395
289
372
308
372
292
404
284
364
316
380
292
400
280
364
316
388
276
424
264
376
304
384
288
380
300
379
301
372
292
396
292
356
316
384
288
395
293
372
300
391
281
404
276
392
288
364
308
387
285
404
284
372
292
392
288
407
273
372
308
392
384*
416
280
408
280
391
297
396
284
400
288
376
304
400
288
396
292
372
316
391
289
388
300
356
324
396
292
396
292
360
320
388
284
388
292
364
316
396
276
380
300
384
304
356
316
380
300
376
296
380
300
392
288
392
288
372
300
396
276
412
276
372
300
396
284
396
284
380
292
376
304
404
276
372
300
384
296
364
304
384
292
392
288
376
296
388
292
376
304
384
288
372
308
376
296
388
284
392
288
395
285
404
268
400
288
360
312
388
284
404
280
368
300
399
281
412
268
372
308
396
276
423
265
368
296
388
292
404
284
360
312
388
288
412
272
368
304
396
284
372
300
372
308
384
288
388
300
376
296
400
280
384
288
364
316
384
288
388
292
380
292
396
284
380
292
396
284
364
308
392
288
400
280
372
300
396
284
404
268
380
300
404
276
388
284
387
293
376
360*
396
300
403
277
407
281
380
300
400
288
408
280
376
304
392
296
399
289
372
308
388
300
380
308
408
280
404
284
380
300
388
284
388
292
391
297
364
300
392
288
396
284
372
308
388
292
404
268
388
292
396
284
388
284
380
292
380
300
400
280
372
308
384
296
404
276
372
300
380
292
372
300
392
288
372
300
388
292
388
292
376
296
383
289
380
300
384
296
372
300
391
289
356
316
380
292
416
272
368
304
392
280
408
280
364
316
396
268
428
260
372
300
412
268
399
281
360
320
380
284
416
272
372
300
392
288
424
256
372
300
392
288
380
300
376
296
400
280
388
284
364
316
388
284
396
284
376
296
404
276
400
280
392
284
364
312
388
284
400
280
372
300
392
288
412
268
372
308
400
272
396
284
380
292
376
304
400
280
372
308
380
292
408
276
372
300
380
320*
400
296
388
292
412
280
384
300
408
272
424
268
384
300
400
280
416
280
380
308
391
289
420
268
384
304
392
288
400
288
372
308
388
284
412
268
372
308
396
276
396
276
384
304
376
296
408
264
380
300
388
292
416
264
376
296
384
296
372
292
396
284
380
300
388
292
364
308
384
296
384
280
392
296
388
284
380
292
400
288
360
312
384
288
399
289
364
308
388
284
407
281
360
312
388
284
440
248
372
300
432
240
412
276
360
308
391
285
416
272
368
304
396
284
372
304
368
308
388
276
396
292
383
289
388
292
392
296
356
308
396
292
387
285
380
300
392
272
388
292
396
292
360
304
392
288
412
268
372
300
400
280
408
264
380
300
428
252
392
280
380
300
376
304
400
272
372
300
376
304
416
264
380
292
384
296
376
304
387
285
372
308
384
296
364
308
380
